100 100 100 100 100 100 100 100 100 100 100 100 100 100 100 100 
258 263 258 266 225 222 263 294 274 251 151 242 250 274 251 239 
276 324 278 272 181 238 269 258 299 268 62 244 234 265 241 213 
253 349 293 284 147 206 286 255 322 258 50 268 211 228 206 173 
216 331 259 244 108 163 301 231 308 256 43 295 141 212 174 151 
161 365 241 202 78 126 285 184 248 236 41 279 89 168 137 116 
134 286 164 131 69 95 228 117 157 190 29 200 72 145 135 89 
86 298 132 114 82 75 191 83 135 135 52 141 78 146 122 85 
58 226 127 75 80 49 144 64 111 100 72 103 84 193 104 69 
116 195 124 55 98 47 109 43 110 83 74 73 99 174 89 57 
178 141 86 42 99 54 71 27 97 89 45 44 81 134 69 38 
171 102 64 45 72 62 60 28 113 93 20 35 97 101 50 42 
126 75 48 48 55 70 57 35 107 76 4 31 85 44 44 51 
112 52 46 74 35 76 50 39 107 63 9 36 84 45 38 70 
77 38 52 99 34 65 40 53 107 44 8 18 74 34 56 80 
41 33 60 159 20 66 29 40 93 35 4 4 38 34 75 70 
20 27 76 244 10 60 30 30 82 18 5 13 35 14 71 64 
13 19 78 269 8 46 31 35 68 27 6 21 34 18 24 67 
5 9 63 206 13 29 34 35 65 33 5 19 32 19 22 63 
6 14 77 144 21 42 27 41 71 35 6 22 39 19 18 71 
18 14 59 90 11 40 20 49 37 29 4 14 40 26 14 52 
20 18 57 62 10 61 22 49 50 30 0 28 25 33 21 43 
22 33 54 41 11 48 27 32 52 23 0 40 22 36 14 28 
25 26 65 34 8 22 29 32 55 21 1 65 1 42 18 13 
27 35 67 52 0 10 39 32 64 18 0 101 7 36 33 17 
16 45 60 30 5 8 36 21 67 28 0 92 9 48 36 12 
13 35 68 21 10 8 21 27 79 25 0 61 8 40 45 13 
10 46 64 19 1 16 15 20 91 26 0 40 10 35 50 10 
8 47 74 8 9 17 17 16 78 27 0 29 10 37 52 8 
9 55 90 7 16 16 18 11 66 27 1 15 15 29 71 6 
16 66 98 11 26 9 19 6 45 30 1 16 16 22 88 0 
11 61 94 16 33 9 13 7 44 21 1 15 17 26 72 2 
14 49 77 20 48 9 10 8 36 18 3 15 21 31 56 0 
17 35 67 15 60 5 23 9 57 22 1 14 19 49 36 1 
10 33 51 17 47 4 27 9 87 25 2 21 15 47 30 7 
10 39 31 16 39 6 45 5 67 27 3 24 13 41 24 0 
15 39 29 17 28 6 87 6 64 23 6 24 13 56 25 0 
8 39 20 22 7 9 77 8 54 21 7 24 18 56 13 0 
8 31 15 27 11 8 75 9 45 28 1 17 8 60 6 0 
15 25 18 34 7 11 72 8 49 36 0 14 14 64 7 0 
17 27 16 42 6 11 37 9 26 24 0 13 21 58 4 0 
26 23 21 72 9 10 30 14 22 32 0 10 18 101 3 5 
29 11 13 111 8 10 12 12 15 31 4 8 14 95 9 11 
29 7 10 127 4 5 13 5 7 21 9 11 14 81 8 5 
29 10 7 133 8 5 17 6 13 20 4 19 12 92 6 11 
14 8 10 82 13 5 14 4 21 18 5 13 13 67 10 9 
16 11 8 71 15 2 17 12 21 15 0 14 13 65 16 3 
18 18 8 70 14 2 23 0 25 21 2 12 7 71 22 7 
6 19 7 54 14 2 23 2 33 28 12 12 1 45 15 16 
10 17 4 45 19 3 22 4 31 30 34 14 4 49 21 34 
6 16 0 39 23 4 8 10 19 23 63 14 6 45 25 52 
2 18 1 48 26 6 8 8 12 18 103 21 5 55 16 68 
2 15 4 23 2 6 3 6 12 11 76 22 4 50 10 43 
4 7 7 23 5 6 7 14 10 10 42 23 0 74 13 57 
4 8 8 15 4 9 5 13 7 11 22 26 3 50 21 60 
4 7 13 18 7 12 7 13 7 15 37 34 8 51 9 70 
8 5 11 19 0 18 4 8 2 8 19 33 7 31 9 58 
10 5 10 20 0 27 4 11 1 7 6 34 8 31 14 56 
9 10 14 21 0 17 7 9 2 14 7 37 12 31 10 41 
6 9 27 14 0 13 7 9 5 18 1 53 11 24 7 37 
7 11 35 14 7 9 10 9 9 18 0 80 2 17 8 42 
3 11 20 16 13 10 10 10 12 11 2 59 0 10 10 23 
0 16 20 13 20 12 13 11 15 11 2 79 1 1 15 32 
5 18 11 11 22 9 8 9 13 11 2 78 5 2 14 23 
6 19 13 3 4 11 8 10 20 8 1 55 4 5 16 16 
7 19 11 7 1 10 9 2 26 12 0 53 2 6 23 21 
6 25 18 9 6 4 9 4 22 13 0 41 4 7 23 17 
1 42 21 8 13 0 9 2 20 18 0 29 9 10 35 13 
0 36 13 7 15 0 5 6 21 15 2 14 4 9 41 13 
1 32 15 7 21 0 4 9 35 12 0 14 7 12 51 13 
2 17 9 9 19 4 4 8 38 14 0 4 5 13 60 7 
1 20 10 10 33 7 4 10 31 16 0 7 4 15 46 8 
5 8 6 6 29 9 4 14 23 19 0 3 4 12 31 9 
5 6 10 11 44 6 3 15 28 14 5 6 3 14 31 16 
8 7 8 14 18 10 4 15 20 6 0 4 4 14 16 8 
12 11 9 31 9 13 1 28 23 12 0 7 5 18 18 10 
7 10 12 35 6 11 3 13 18 7 0 3 3 22 16 13 
13 6 16 35 3 17 6 14 26 8 0 3 0 23 13 16 
18 10 14 35 6 21 6 18 19 6 0 1 2 14 10 13 
22 16 21 31 5 29 2 33 18 8 0 1 1 16 8 8 
27 16 18 14 9 33 4 25 13 10 0 1 0 16 11 7 
20 22 25 10 4 54 6 21 9 7 1 2 3 12 4 1 
4 17 40 9 5 66 5 20 4 9 3 0 2 7 8 4 
4 13 37 17 1 67 5 12 7 8 6 3 4 9 2 8 
2 7 25 17 0 81 8 11 8 15 4 5 4 11 2 10 
3 5 31 15 0 73 8 14 6 33 4 7 4 4 3 5 
8 2 38 14 1 38 5 22 9 36 0 5 4 0 5 2 
13 4 49 20 0 24 6 46 12 41 0 4 1 4 6 3 
9 2 29 19 1 29 2 46 5 18 0 7 3 4 2 2 
9 2 39 26 4 37 4 47 9 18 0 5 5 6 2 3 
6 1 30 28 3 31 0 37 14 11 0 0 5 6 0 5 
9 3 35 47 4 27 6 41 14 8 0 3 6 11 1 2 
9 6 34 37 4 19 5 32 14 3 0 6 5 15 1 0 
9 2 40 22 4 12 4 35 19 6 0 3 9 11 2 1 
8 2 53 16 5 12 7 52 30 0 0 1 4 8 5 4 
8 1 48 14 2 5 9 89 25 0 0 3 1 6 2 5 
4 4 29 10 5 5 9 111 16 0 0 5 3 8 1 8 
0 4 19 5 4 8 6 91 19 2 0 5 1 14 3 2 
0 9 12 4 4 8 7 57 16 5 2 4 3 8 4 6 
