100 100 100 100 100 100 100 100 100 100 100 100 100 100 100 100 100 100 100 100 100 100 100 100 100 100 100 100 100 100 100 100 100 100 100 100 100 100 100 100 100 100 100 100 
251 243 254 246 247 235 270 147 234 270 249 218 208 239 227 263 234 234 232 204 195 247 247 251 192 237 141 221 219 268 260 222 216 249 182 197 173 241 223 237 259 238 251 228 
219 255 284 244 211 248 275 111 186 311 246 161 153 213 181 214 194 205 197 119 174 239 270 272 178 218 91 154 194 274 275 194 158 273 130 116 113 203 210 194 207 249 276 227 
196 298 270 251 203 265 249 60 128 241 200 96 138 207 161 165 137 158 161 84 153 187 308 325 144 173 49 83 186 340 255 191 125 301 106 72 90 168 153 153 159 292 338 202 
159 251 217 155 160 211 182 63 64 190 166 70 109 232 141 113 83 143 103 96 134 160 367 348 116 125 41 65 145 340 209 217 154 287 83 85 100 80 59 70 144 249 371 198 
107 194 141 112 88 141 111 77 51 102 141 51 68 169 103 84 57 120 72 99 97 127 394 285 100 85 67 54 108 238 146 266 139 266 80 80 125 44 31 42 107 207 290 183 
86 156 79 116 9 118 100 78 40 77 116 27 61 111 87 84 74 91 58 115 80 92 258 214 91 109 71 33 80 174 108 267 77 236 93 94 149 14 19 49 78 204 152 181 
98 113 61 99 2 81 60 48 37 67 116 22 43 95 73 98 71 61 49 118 67 97 152 150 90 121 70 34 70 112 87 231 35 154 85 97 111 11 26 58 72 227 63 168 
101 91 35 90 5 76 64 29 47 60 123 33 32 79 77 111 71 76 28 118 48 106 96 115 61 136 76 19 56 90 85 149 28 144 76 136 80 25 21 64 69 156 39 149 
106 73 29 100 2 48 47 19 52 56 121 31 23 82 67 138 72 89 27 109 35 108 56 76 50 113 73 31 52 78 80 74 25 120 48 215 68 31 13 76 63 122 28 103 
69 58 24 98 3 38 50 19 42 81 104 37 18 57 48 173 71 127 35 114 25 93 47 82 39 109 82 57 42 55 77 35 33 91 37 248 46 20 5 81 49 92 23 64 
72 63 22 91 3 46 57 22 50 74 100 26 17 61 42 150 86 155 31 78 16 47 34 82 23 77 81 92 20 46 65 20 33 55 40 203 21 14 4 81 36 95 21 52 
67 46 26 85 0 41 39 29 66 81 88 40 16 66 29 99 114 149 23 60 22 46 35 85 12 61 75 131 26 45 54 11 32 32 28 168 21 15 6 66 33 112 21 36 
86 32 19 59 5 28 45 56 98 84 69 53 11 59 35 74 114 126 21 72 35 55 24 63 16 48 80 157 30 55 45 7 35 20 18 88 17 26 2 56 25 95 24 44 
49 31 24 49 30 30 36 54 118 60 57 65 4 48 26 69 114 129 11 58 78 47 21 59 25 39 88 142 43 87 55 13 42 27 30 36 18 20 4 39 12 76 30 41 
38 34 22 42 75 28 39 37 153 42 37 60 9 49 32 57 137 115 9 40 142 25 19 46 22 20 61 104 56 65 58 14 49 23 31 24 25 17 3 22 5 48 30 26 
48 22 41 20 96 28 37 32 169 30 35 40 19 42 46 47 150 136 18 24 166 30 18 34 25 21 49 59 71 60 65 14 28 21 42 25 16 12 8 15 2 42 21 27 
24 26 42 28 109 27 20 32 115 25 26 36 12 53 43 31 100 110 26 14 109 34 14 43 26 12 28 49 34 57 92 19 19 22 49 12 3 10 10 10 6 37 25 32 
21 30 42 30 106 35 18 22 59 30 13 35 5 54 65 30 94 125 32 11 40 43 18 50 37 11 9 31 31 58 106 35 10 12 67 16 5 4 9 9 4 32 21 17 
32 53 49 27 94 35 21 20 32 32 16 22 4 49 88 41 123 125 37 14 12 32 28 57 55 14 0 25 26 64 85 44 9 12 40 14 6 8 4 3 6 32 32 8 
34 60 52 35 67 34 25 21 28 40 6 29 6 50 113 42 143 125 23 13 15 38 26 43 69 21 0 15 28 59 56 72 13 18 45 15 8 7 3 8 6 31 26 13 
28 58 64 28 38 36 25 32 20 55 9 36 0 48 133 43 94 90 27 10 8 38 20 26 57 15 2 4 26 55 36 84 9 19 31 12 7 8 10 6 15 25 18 14 
24 81 85 35 20 38 28 35 12 36 22 42 1 32 100 51 91 78 33 3 5 32 17 26 25 14 9 7 27 49 31 98 6 33 34 12 8 5 6 3 21 27 14 17 
20 102 115 51 6 40 24 28 8 31 25 75 2 48 71 46 89 68 22 7 3 33 24 33 5 15 11 7 31 64 26 111 8 35 32 11 6 5 14 0 8 24 15 10 
26 128 102 60 1 34 23 10 14 42 22 81 7 64 52 37 61 33 24 4 5 45 32 17 1 24 16 9 25 63 18 88 7 57 29 9 9 4 18 0 20 15 17 10 
28 140 101 69 3 37 15 6 10 52 25 80 3 61 34 14 50 32 18 5 3 51 40 8 2 31 20 5 20 51 15 45 11 49 20 4 12 3 19 5 18 10 20 4 
28 166 109 80 1 69 12 7 16 48 24 61 7 76 25 15 50 27 15 6 6 42 41 11 3 33 44 12 11 53 10 33 12 23 14 7 17 0 25 15 21 15 23 3 
28 138 102 150 1 68 9 6 18 42 29 48 11 68 13 16 22 12 13 9 6 40 27 7 2 26 85 10 7 63 13 3 17 20 21 13 16 0 23 16 26 14 23 2 
16 88 91 184 2 62 12 6 10 25 25 35 7 70 6 25 21 8 9 14 3 37 13 9 5 42 106 9 7 54 12 2 15 17 20 15 17 9 17 9 29 11 19 2 
11 87 41 201 4 60 16 8 20 21 22 26 9 45 5 18 20 2 6 11 3 13 10 15 0 72 92 6 5 47 9 3 24 25 33 12 21 12 20 10 37 15 21 8 
8 71 22 212 7 61 14 7 20 14 16 24 11 38 0 7 14 5 16 10 4 11 8 7 3 100 52 5 2 46 11 3 18 23 49 13 25 15 20 6 76 15 27 15 
11 63 25 209 7 62 17 6 8 7 20 15 11 31 1 11 9 4 14 12 7 15 8 7 0 180 24 12 2 44 4 12 18 16 61 10 30 11 16 4 117 25 21 3 
12 53 7 187 9 60 11 9 10 13 13 17 27 28 2 11 9 5 11 5 6 9 10 7 0 150 11 6 4 30 8 13 19 17 70 7 40 5 18 3 128 34 24 8 
19 37 7 140 15 43 12 12 6 13 13 10 42 9 6 15 10 5 8 3 5 11 5 5 0 149 12 11 5 12 7 7 18 17 72 6 58 4 14 4 137 24 18 7 
25 28 7 116 20 24 13 14 0 8 13 9 49 0 5 16 13 0 9 6 4 6 3 8 0 129 15 11 6 12 4 12 23 11 52 3 95 8 16 0 75 23 8 9 
31 24 9 94 16 18 16 11 5 10 22 15 34 3 4 16 15 2 6 11 7 9 8 10 1 102 13 8 9 19 7 17 32 20 79 4 101 27 21 1 41 31 7 7 
25 17 13 62 13 13 18 9 7 10 26 19 21 7 6 11 17 6 4 16 4 6 9 10 2 61 21 5 7 13 2 24 16 20 41 2 66 25 33 9 36 49 5 11 
18 21 27 50 18 8 21 6 5 19 26 9 18 5 11 14 19 6 0 24 1 7 11 17 1 61 44 2 8 14 4 20 13 19 15 3 43 15 44 8 32 76 11 10 
27 16 15 50 14 5 36 3 7 30 22 10 17 7 5 11 8 7 0 18 2 8 15 16 0 58 42 4 5 25 4 16 13 20 2 3 23 29 51 8 16 89 13 13 
33 21 19 44 22 5 59 6 13 44 25 12 21 9 4 5 12 6 4 15 2 10 17 8 0 38 20 0 11 26 5 11 11 26 0 10 14 28 15 9 13 123 21 8 
38 28 16 39 26 10 100 0 1 90 27 19 32 12 11 4 4 5 8 20 2 14 10 8 1 30 22 0 6 23 4 14 6 26 0 3 7 10 2 7 4 136 23 6 
35 34 12 29 22 4 97 0 4 111 31 30 35 13 14 6 16 13 16 26 3 4 7 8 1 32 15 0 6 29 8 3 6 20 2 2 4 17 2 5 6 123 19 16 
15 29 13 23 19 0 82 1 3 151 10 29 43 23 10 5 29 19 19 18 5 0 3 6 3 10 3 1 4 32 7 8 8 10 4 3 3 22 3 5 10 83 10 23 
20 31 10 13 3 0 86 3 6 156 6 16 62 21 7 7 26 10 16 20 0 1 4 11 6 21 0 6 3 29 5 9 8 14 2 1 0 16 0 4 6 54 7 13 
26 31 10 12 2 6 65 5 11 144 9 30 82 3 8 5 32 5 11 24 2 4 3 5 4 18 0 9 2 11 1 9 10 13 2 4 0 24 0 3 10 51 7 16 
30 15 3 12 0 5 42 7 18 129 11 30 85 3 6 2 26 6 4 24 3 7 6 5 0 14 2 2 4 12 3 10 16 13 2 5 0 30 0 1 18 44 6 33 
31 13 6 5 0 3 20 7 19 102 13 31 42 4 4 3 23 7 2 29 0 3 9 3 0 17 3 7 1 9 4 22 49 11 4 8 0 12 0 0 20 33 9 43 
26 8 0 0 0 1 20 4 19 101 12 30 20 4 3 5 20 10 4 46 0 8 7 0 0 14 8 11 3 13 8 14 87 7 2 11 0 10 1 0 27 33 15 43 
24 15 0 0 0 3 9 5 21 67 13 26 11 7 10 8 17 17 6 38 2 6 9 0 0 9 28 15 2 13 12 16 119 13 5 13 0 9 0 2 24 36 19 45 
20 11 0 2 2 6 10 3 16 42 15 25 14 3 16 7 9 27 9 27 1 1 4 3 0 8 61 10 3 11 12 12 114 15 6 14 0 3 0 1 25 27 13 32 
17 13 2 1 3 5 10 0 19 36 15 23 7 1 12 5 11 46 12 23 1 4 2 11 0 7 51 6 0 6 12 21 131 21 3 13 2 1 1 0 11 35 29 28 
21 19 3 4 1 6 7 5 12 26 21 29 13 1 18 4 16 53 12 20 3 10 5 13 2 5 55 9 1 6 14 20 98 20 0 17 0 0 0 1 12 36 32 29 
19 29 3 10 4 7 3 2 15 24 18 35 7 3 10 5 21 23 13 9 0 4 8 5 3 7 37 10 2 2 16 15 47 21 7 6 1 2 0 1 17 41 31 18 
14 23 4 12 5 15 4 3 7 26 27 53 9 0 8 9 26 31 14 8 0 12 6 17 2 9 13 4 1 7 17 18 35 33 8 6 0 1 0 1 17 52 34 16 
17 16 0 19 8 19 5 3 7 16 26 49 4 0 8 11 22 49 7 3 0 19 7 22 1 9 3 2 3 15 19 21 20 37 8 8 2 2 0 0 2 42 33 17 
16 17 2 25 12 30 13 4 0 4 31 31 5 0 5 8 24 56 2 8 3 24 2 30 1 0 5 6 3 24 31 18 16 31 6 12 0 4 0 1 5 42 30 20 
28 14 1 19 1 27 20 3 2 3 47 16 6 1 2 8 39 73 4 10 1 19 1 39 0 0 11 7 1 29 46 16 19 30 4 6 0 7 0 2 10 38 36 13 
24 15 1 11 4 15 14 9 0 1 55 13 8 9 0 4 44 76 5 9 0 25 4 42 0 2 7 5 2 30 40 8 13 20 2 5 0 8 0 0 10 37 35 11 
22 0 7 12 13 11 8 5 1 1 76 1 15 7 0 7 32 91 0 10 0 20 6 49 0 0 6 10 2 14 32 0 8 18 3 6 0 8 0 1 9 37 34 14 
17 2 8 25 4 5 1 3 0 1 102 0 20 18 0 5 19 72 2 13 0 22 3 71 0 3 7 8 2 10 25 1 6 16 10 13 0 3 1 1 6 31 35 9 
16 5 3 24 7 4 0 2 0 3 144 0 21 16 0 8 17 67 0 7 2 32 6 65 0 8 4 7 3 9 30 1 5 10 7 3 0 0 2 0 0 29 23 12 
15 7 1 28 0 5 0 3 1 1 91 2 23 18 1 10 13 47 1 5 1 25 7 51 1 8 5 6 0 12 33 4 8 12 12 9 0 0 2 0 0 20 13 11 
12 9 7 26 0 3 1 0 3 3 108 2 48 13 2 10 15 58 3 3 1 47 3 48 1 7 4 11 2 11 51 2 6 12 20 17 0 0 0 0 0 24 13 16 
7 7 7 25 0 7 2 0 5 3 115 2 40 13 1 7 10 62 3 7 0 53 5 26 1 5 0 14 1 13 57 6 8 14 2 17 0 0 0 0 0 16 3 14 
9 5 5 16 0 1 3 0 5 3 89 1 19 15 4 8 14 36 3 8 1 55 0 26 1 11 0 17 3 21 37 5 5 19 6 21 0 3 0 1 0 16 2 11 
15 2 6 13 2 2 7 0 3 5 83 2 12 9 2 15 26 48 6 2 1 67 2 23 1 6 0 18 3 20 37 6 2 23 0 12 0 7 0 2 3 14 5 6 
24 6 5 12 9 0 12 0 12 3 62 2 9 4 2 9 26 38 4 6 0 34 5 18 3 9 0 14 3 21 10 13 3 15 0 4 0 4 0 1 5 13 5 10 
38 3 4 15 14 0 21 0 6 2 68 3 11 5 1 7 44 30 0 7 0 34 2 8 1 15 0 12 4 21 8 21 5 16 2 8 0 0 1 0 2 18 5 16 
22 6 2 9 19 1 30 0 5 2 62 1 2 3 3 3 67 20 1 11 0 23 3 5 0 15 0 7 3 29 14 25 3 19 3 8 0 0 1 0 2 22 3 22 
22 9 6 14 43 2 37 0 3 1 59 1 0 5 2 2 76 9 3 16 0 23 2 8 0 10 0 4 5 34 9 30 0 34 2 9 0 0 2 0 6 17 3 25 
16 10 2 14 43 7 34 0 2 3 38 2 0 7 4 2 93 5 3 16 0 24 5 5 2 0 0 2 5 52 11 40 1 30 0 7 0 0 2 1 2 10 4 29 
12 8 5 12 39 5 47 1 1 3 22 1 0 4 5 4 71 5 4 19 0 18 11 6 0 2 0 1 0 43 17 45 3 50 3 5 1 0 5 4 2 6 7 33 
10 4 7 13 46 13 46 3 1 2 12 1 2 4 0 2 43 7 5 19 0 18 16 9 0 3 0 2 0 33 20 31 4 54 3 10 0 0 4 1 2 6 9 32 
4 6 0 11 40 11 31 0 1 4 6 2 1 3 0 2 29 7 5 15 0 26 13 6 0 4 0 3 0 32 17 50 3 49 3 15 0 1 6 1 2 2 8 37 
7 9 2 11 47 11 23 3 2 2 5 5 1 6 2 1 22 4 8 20 0 24 8 2 0 5 0 7 0 26 15 85 5 63 7 15 0 3 5 3 4 3 6 38 
0 10 1 9 46 16 7 1 0 1 3 4 6 2 5 1 8 4 6 16 1 12 5 0 0 4 0 2 0 12 13 125 4 42 1 11 0 0 0 3 3 4 6 41 
0 13 0 6 55 23 7 3 3 2 0 4 3 1 6 1 2 5 3 14 1 11 10 1 2 3 0 1 0 8 11 141 3 30 1 17 0 1 3 6 6 2 11 38 
0 14 1 5 49 26 8 1 5 4 0 0 2 1 9 0 1 7 4 3 6 9 9 2 1 3 0 3 0 7 8 119 3 26 2 21 0 3 7 11 1 3 5 31 
0 22 0 5 48 28 1 3 5 2 3 0 1 2 7 0 5 7 5 3 10 11 11 1 1 2 3 3 3 11 11 90 2 27 1 26 0 2 2 9 2 4 7 27 
0 20 0 11 71 13 2 0 2 5 4 0 1 4 14 0 3 5 16 2 17 11 20 2 1 2 0 1 1 8 9 35 3 19 1 32 0 0 5 18 3 6 6 28 
0 16 3 15 86 16 5 0 1 8 1 0 1 4 13 1 0 7 54 0 17 9 26 0 2 6 2 1 3 13 4 30 6 23 1 32 0 2 8 26 5 5 10 30 
1 5 5 10 75 11 3 0 2 8 2 0 2 6 14 0 0 3 79 1 13 4 21 0 1 7 4 1 1 12 5 10 6 20 1 25 0 0 2 24 3 1 3 28 
4 9 4 11 61 14 4 0 1 7 3 1 2 9 11 1 0 4 99 0 14 5 17 2 0 5 3 1 4 7 4 8 1 27 5 22 3 4 3 10 2 1 2 22 
0 13 3 16 42 11 7 3 1 7 3 0 4 10 10 1 1 4 155 2 20 5 9 4 1 5 0 3 6 6 5 5 0 30 6 9 0 8 3 6 3 1 5 18 
0 13 3 17 37 5 9 0 0 6 1 1 5 7 12 1 0 5 169 4 31 7 7 2 1 2 0 2 10 5 5 7 0 24 2 4 0 0 4 1 3 4 5 9 
1 8 2 7 20 3 12 0 0 1 0 2 1 8 7 1 2 3 230 4 25 2 8 4 0 3 1 3 17 4 3 5 2 29 0 2 1 1 1 2 2 5 6 8 
4 4 0 6 8 5 7 0 0 0 2 2 3 8 3 0 3 4 255 8 29 1 10 4 0 7 1 2 25 5 7 2 2 27 4 0 6 1 3 6 2 8 1 8 
0 6 0 8 3 5 10 0 1 0 1 1 2 10 1 0 4 1 142 10 29 0 18 6 0 6 0 0 14 3 6 5 1 25 4 1 2 4 4 6 3 11 0 5 
3 10 1 10 1 7 17 0 1 2 3 1 0 6 1 0 1 2 142 11 18 1 32 10 0 6 0 2 12 8 4 6 0 26 5 2 2 7 3 13 2 14 1 4 
7 13 1 6 2 4 25 1 3 3 2 1 0 7 2 1 2 1 82 9 9 1 85 0 0 9 0 2 9 8 7 0 1 26 6 1 0 10 5 24 5 6 5 6 
11 13 1 2 0 9 21 1 4 3 2 0 0 12 3 1 3 1 54 14 6 2 135 0 0 12 0 1 1 8 9 2 3 28 3 1 1 4 11 16 0 5 2 8 
9 3 1 8 1 15 25 1 5 4 5 1 3 21 0 1 8 2 47 6 5 5 167 0 0 12 0 3 2 11 7 4 2 26 5 2 3 4 14 22 2 5 4 6 
16 5 0 11 2 6 21 1 3 5 6 1 1 38 0 4 4 3 34 7 9 4 145 0 0 16 1 3 2 7 8 0 2 26 6 1 0 1 15 30 3 6 1 4 
10 2 2 10 3 0 21 1 5 5 6 1 2 55 2 7 5 3 22 7 15 3 98 3 0 23 2 2 2 4 2 0 2 20 4 2 0 2 11 59 2 7 2 13 
14 4 2 6 1 0 30 2 4 1 5 1 4 47 1 7 5 4 14 9 31 5 101 4 0 20 5 2 1 0 2 0 2 9 7 1 0 3 12 75 3 8 5 18 
16 1 1 6 0 2 37 0 3 8 5 1 0 63 2 3 6 3 12 11 46 2 90 5 1 18 1 3 3 3 1 0 1 8 4 0 0 2 5 66 6 4 7 19 
9 3 4 6 1 2 26 3 0 4 1 1 0 62 7 2 5 4 8 6 51 6 60 3 1 12 0 2 3 5 1 0 2 2 2 0 0 1 3 28 1 4 5 12 
5 4 8 11 2 2 29 5 0 6 4 0 0 80 7 1 4 4 6 3 44 9 42 3 2 21 0 3 6 11 4 0 1 1 1 0 0 0 4 21 0 6 9 7 
2 3 10 12 3 0 36 5 0 6 6 1 0 87 0 4 1 2 4 6 27 5 33 2 0 28 0 4 9 6 4 0 1 5 1 0 1 2 4 8 0 10 10 5 
1 5 9 7 4 0 47 8 0 9 4 0 0 96 1 3 0 5 3 3 20 5 32 3 1 29 2 3 7 3 11 0 1 4 4 0 0 3 3 6 0 15 15 0 
3 9 14 10 2 1 66 5 0 17 4 2 0 74 4 8 2 6 3 4 4 5 30 2 0 30 1 7 7 5 14 0 2 4 5 0 2 2 4 2 0 10 17 0 
3 7 9 7 3 5 64 4 4 10 6 1 1 66 2 14 0 3 2 0 2 6 30 4 0 31 0 4 12 0 16 0 1 2 8 2 0 1 0 1 1 3 10 0 
2 7 12 5 5 7 68 5 4 7 6 1 0 67 4 18 2 4 3 0 0 4 24 8 0 30 0 2 20 0 23 0 3 0 16 2 0 3 0 0 4 3 10 0 
1 6 16 2 0 8 79 3 8 7 10 1 3 51 3 24 3 5 4 0 0 3 17 6 0 30 0 0 23 0 20 0 3 0 20 6 2 7 0 1 2 3 8 1 
4 5 14 3 0 3 79 4 25 8 15 3 4 22 0 22 4 3 8 0 3 1 14 5 0 20 0 2 24 0 32 1 2 1 26 6 1 3 0 1 1 4 2 4 
7 2 14 0 0 6 67 4 37 6 11 3 0 10 0 26 3 4 11 0 1 1 8 5 0 6 0 3 17 1 38 3 3 2 17 5 1 1 0 2 3 5 2 0 
11 2 18 0 1 9 68 9 65 0 13 4 0 8 1 18 4 4 5 0 0 0 9 0 0 3 0 3 15 2 50 1 6 4 18 8 1 1 0 1 0 8 5 0 
11 4 13 0 5 2 51 13 105 0 6 3 0 7 6 31 3 5 9 0 0 0 7 1 2 6 0 2 13 4 54 2 10 0 11 6 0 0 0 1 0 10 2 0 
6 0 0 0 10 0 26 11 146 2 9 3 1 7 8 18 3 3 8 0 0 0 9 0 5 2 0 2 15 4 50 3 10 4 2 0 0 1 1 0 0 5 1 0 
7 0 0 0 16 0 5 13 173 2 7 5 3 3 5 33 9 4 8 0 0 0 5 0 0 2 0 1 8 7 56 4 11 3 1 1 1 0 0 0 2 6 0 1 
9 0 0 3 25 1 10 17 111 2 8 7 1 3 5 27 8 1 6 0 0 0 2 2 0 4 0 0 6 9 59 7 8 2 1 0 0 0 0 0 4 5 2 0 
1 0 0 5 26 1 4 21 77 3 8 5 1 4 6 19 7 2 7 0 2 1 0 1 0 1 0 2 6 12 61 6 13 3 3 3 3 0 0 0 3 7 1 2 
2 1 0 8 30 0 7 16 85 3 7 7 0 9 10 14 7 5 7 1 1 0 0 4 0 0 0 2 8 22 44 10 23 0 3 1 4 0 0 2 2 6 2 2 
9 3 1 15 27 1 10 16 79 1 4 8 0 12 8 10 7 6 6 0 1 0 4 3 0 0 0 0 12 23 33 16 21 0 3 0 0 0 1 2 3 7 2 5 
12 4 6 22 24 0 8 16 68 3 7 4 0 11 7 6 9 5 3 0 3 1 2 2 0 0 0 0 19 24 27 14 15 0 2 1 0 0 2 0 4 10 3 3 
16 2 11 33 16 0 8 27 71 3 9 6 0 7 0 6 7 4 2 0 0 5 2 0 0 0 0 0 20 25 26 21 11 0 1 2 0 0 1 0 3 8 6 2 
20 1 9 42 14 0 7 35 48 1 5 11 0 6 1 7 10 8 2 0 1 3 0 0 0 1 0 1 21 23 11 12 10 4 0 3 2 0 2 0 0 6 6 4 
25 0 1 61 13 0 9 45 55 1 2 12 1 1 1 3 8 7 1 0 0 8 0 2 0 0 0 1 14 23 11 15 9 2 0 3 1 0 0 0 0 8 5 5 
28 3 5 57 15 0 7 35 37 3 0 3 0 1 4 2 3 7 5 0 0 6 2 6 0 3 2 4 3 28 11 12 8 4 0 3 0 1 1 1 0 3 5 5 
48 4 6 55 21 0 8 45 25 4 1 0 1 0 8 2 2 6 7 0 1 4 0 2 0 3 1 2 3 33 12 13 9 1 0 3 0 0 2 1 0 6 4 4 
95 5 11 59 8 1 7 57 19 2 1 0 0 0 6 1 2 5 4 0 3 9 0 1 0 3 2 2 3 37 8 11 9 0 0 0 0 0 0 0 2 3 4 4 
78 4 15 40 8 1 5 62 8 4 1 3 0 0 6 1 3 6 5 0 3 13 2 6 0 0 3 4 0 36 11 8 5 4 2 0 0 1 0 2 6 3 5 6 
96 8 32 38 6 4 1 63 4 3 0 3 0 2 2 2 5 3 5 0 0 10 3 4 1 1 1 0 0 24 8 10 7 7 0 1 0 1 0 1 9 5 5 4 
90 3 40 33 7 6 1 69 1 2 1 1 0 4 0 1 5 0 4 0 0 0 1 9 0 3 2 0 3 27 10 8 5 3 0 0 0 0 1 0 2 6 3 2 
82 7 56 34 10 6 1 87 2 1 4 1 0 1 1 0 2 0 2 0 0 0 3 7 0 3 2 1 0 19 8 13 6 3 0 0 0 0 0 0 6 3 4 2 
54 8 48 39 8 5 6 50 3 0 6 1 0 2 1 1 3 0 2 0 0 2 5 9 0 2 2 0 0 7 11 9 1 3 0 0 0 1 0 0 4 5 6 0 
50 8 42 44 14 10 3 28 4 1 6 0 0 3 1 0 7 0 4 0 1 2 3 8 0 1 4 1 0 7 14 9 1 6 0 1 0 0 0 0 5 8 10 0 
43 13 53 41 7 9 2 33 5 2 5 0 0 2 1 1 6 1 6 0 1 2 3 12 0 3 2 2 0 11 12 9 0 6 0 0 0 0 1 0 7 11 9 0 
30 10 40 36 18 14 3 24 6 4 5 0 0 6 0 1 4 0 6 0 0 0 7 10 0 4 4 2 0 12 13 5 0 4 0 1 0 0 0 0 5 8 12 0 
21 16 51 30 20 23 2 27 6 8 0 0 1 3 0 3 4 1 0 0 0 1 7 11 0 0 15 1 0 13 13 3 0 3 0 2 0 0 0 0 0 12 21 0 
19 24 68 29 21 33 2 23 7 10 0 0 0 3 0 0 7 2 0 2 0 1 6 9 0 0 21 5 0 6 19 0 1 1 0 4 1 0 0 0 0 9 29 1 
10 15 94 28 13 35 2 13 5 10 1 1 0 4 1 2 6 2 0 1 0 0 4 5 1 0 12 8 0 4 17 0 2 2 0 2 0 3 0 0 4 2 32 2 
10 10 131 27 11 61 1 10 4 13 2 0 0 3 2 0 6 1 0 0 0 0 4 6 2 0 15 2 0 2 15 0 1 1 0 2 0 0 0 0 4 2 34 5 
5 8 124 23 9 69 2 5 2 13 0 0 0 2 3 3 2 1 0 0 0 0 2 10 0 1 8 0 0 3 6 0 1 0 0 5 0 1 0 0 2 5 33 6 
4 8 127 22 7 52 3 1 3 20 3 0 0 1 6 2 4 4 0 1 0 0 5 4 1 1 0 0 0 4 4 0 0 3 2 4 0 0 1 0 0 4 22 5 
3 10 109 18 8 49 2 6 1 20 3 1 0 0 9 5 3 3 0 0 0 0 0 3 1 0 0 0 0 4 2 0 0 3 5 1 0 0 0 0 0 3 12 4 
2 9 90 11 6 64 2 8 0 27 2 2 0 0 6 3 2 1 0 0 2 1 0 6 1 0 0 0 0 2 1 0 0 5 2 1 0 0 0 1 0 3 5 6 
2 16 90 14 10 71 5 14 0 33 3 1 1 1 6 5 2 2 0 0 1 2 0 2 0 1 0 0 2 3 0 0 1 7 2 1 0 0 0 1 0 1 6 14 
2 13 76 11 4 61 8 22 2 29 4 2 0 2 1 2 1 4 0 0 0 4 0 1 1 3 0 0 0 2 0 1 2 7 3 1 1 0 0 1 0 1 6 14 
3 15 55 11 1 63 13 36 0 25 2 7 0 0 3 2 0 5 0 0 1 2 1 2 2 3 0 0 0 2 0 0 0 7 1 1 1 0 0 0 2 0 6 16 
4 28 41 15 3 72 8 38 1 26 3 9 0 1 2 0 2 9 0 0 1 0 4 0 0 5 0 0 0 2 1 3 2 6 3 0 1 0 0 0 4 0 8 15 
7 34 25 19 3 63 8 24 2 13 3 9 0 0 0 1 2 1 0 0 2 0 4 1 0 2 0 0 0 5 3 3 3 10 0 1 0 0 0 0 3 0 12 17 
3 29 26 29 3 51 10 21 2 6 4 10 0 1 1 1 3 1 0 0 1 1 7 0 1 4 0 0 1 7 2 4 1 5 0 3 0 0 0 2 5 1 6 15 
2 38 10 30 4 50 17 9 3 8 1 8 0 2 2 2 4 1 0 2 2 2 16 1 2 0 0 0 0 1 2 2 0 4 0 3 0 0 0 0 6 0 9 17 
3 39 9 35 4 28 15 7 4 12 1 11 1 0 7 6 2 0 0 6 2 5 14 1 4 0 0 0 0 2 2 1 1 2 0 1 3 0 0 0 2 1 15 14 
4 29 6 25 2 20 11 7 6 11 2 13 0 0 11 4 0 1 0 7 2 4 10 1 4 1 0 0 2 5 2 2 0 2 0 1 1 0 0 2 3 1 13 12 
9 37 7 19 0 18 11 6 8 18 0 7 0 2 15 4 0 1 0 0 2 3 6 0 0 2 0 0 2 6 3 2 0 4 0 0 0 1 0 0 0 0 21 9 
6 37 8 17 0 9 11 7 9 26 0 3 1 2 26 2 0 1 3 2 2 0 1 1 0 0 0 0 4 10 4 2 1 3 0 3 0 0 0 0 0 0 14 12 
8 61 6 13 1 8 15 2 9 24 0 1 2 1 23 8 0 3 3 2 2 0 1 2 0 1 0 0 6 21 2 4 1 5 0 3 0 0 0 0 0 0 7 7 
8 75 0 6 1 5 6 1 9 22 4 3 1 1 20 12 0 2 1 4 0 0 1 1 0 6 0 0 3 10 1 4 1 3 0 4 0 0 1 0 0 0 5 5 
7 53 1 3 3 3 7 0 16 22 3 5 0 7 19 19 1 3 2 3 0 0 0 2 0 7 0 0 6 7 1 4 1 0 2 2 0 1 2 0 0 3 6 4 
11 53 1 6 1 5 3 0 19 13 5 9 0 0 14 19 1 3 1 0 0 0 0 2 1 10 1 0 13 15 1 8 3 1 1 4 0 0 2 0 3 4 7 6 
5 58 2 12 1 5 0 1 27 10 10 6 0 0 12 22 1 6 0 0 0 1 0 3 0 7 0 0 2 17 2 3 1 0 0 10 0 0 1 1 3 5 5 5 
5 56 3 16 0 4 2 1 20 12 20 5 0 0 8 26 4 7 1 0 0 1 0 4 0 3 0 0 4 19 3 9 2 0 0 10 0 0 0 0 2 7 3 7 
4 54 5 10 0 3 1 1 7 11 12 4 0 0 6 21 11 4 1 0 0 2 1 7 1 2 0 0 6 18 4 6 0 0 0 9 1 0 0 0 1 6 2 10 
7 44 5 9 0 4 1 3 10 11 12 2 0 0 6 26 10 6 2 0 0 2 1 4 0 0 0 0 5 14 4 5 2 1 0 9 0 0 1 0 0 5 5 4 
6 36 6 3 1 4 1 3 5 9 8 1 0 0 5 34 4 11 2 0 0 2 1 4 1 0 0 0 9 15 5 4 4 3 0 5 0 0 1 0 2 5 4 7 
8 23 3 2 0 6 0 4 3 7 10 2 0 0 7 54 3 17 0 0 0 4 0 5 1 0 0 0 13 34 3 2 8 2 2 5 1 1 0 0 0 4 6 12 
12 12 0 2 1 5 1 2 0 12 4 1 0 0 6 58 2 9 0 1 0 2 0 7 4 0 0 0 22 32 3 3 19 4 3 4 1 0 0 0 1 1 10 7 
17 8 0 3 2 3 3 5 0 14 5 1 2 0 3 41 1 6 0 0 0 5 1 11 3 0 1 0 19 36 9 5 28 3 1 1 1 0 0 0 3 1 12 7 
8 6 1 3 2 3 7 6 0 7 5 1 2 0 0 40 2 2 0 0 1 0 3 16 1 0 0 0 12 41 12 5 37 2 4 0 0 0 0 0 0 1 13 3 
11 6 0 6 1 4 6 7 0 5 5 0 1 2 0 40 5 4 1 2 0 1 3 16 2 0 0 0 2 28 5 9 42 1 0 1 1 1 0 0 2 4 9 2 
9 5 1 3 1 2 6 8 0 9 2 0 3 1 0 27 5 2 1 3 0 3 0 10 3 1 0 0 5 26 9 1 42 0 1 3 0 2 1 0 0 3 6 2 
11 1 0 3 2 3 3 1 1 7 3 3 4 2 0 21 4 2 1 1 0 4 0 20 6 2 0 1 3 24 3 1 44 1 2 3 1 0 1 0 1 3 5 0 
6 2 0 2 4 0 1 0 6 10 5 1 6 2 0 28 4 0 1 0 0 6 1 25 2 2 0 1 10 29 5 4 39 0 0 3 0 1 1 0 1 3 4 0 
2 2 0 2 2 0 1 0 2 9 7 0 10 0 0 28 6 0 1 2 0 8 2 19 0 3 0 1 3 17 5 2 35 0 0 3 1 0 4 0 2 2 2 0 
1 2 1 2 2 0 3 0 7 9 9 0 11 1 0 27 4 2 4 3 3 7 0 10 0 5 0 2 3 8 4 2 39 3 0 0 0 0 2 0 3 5 2 2 
0 1 1 1 4 0 4 0 6 8 14 0 18 1 0 22 2 0 0 3 3 7 1 5 0 1 0 6 1 9 3 3 26 4 0 0 0 3 0 0 8 4 6 2 
1 4 1 1 4 0 4 1 3 10 18 3 27 4 2 20 1 0 0 5 4 12 1 8 0 2 0 8 1 7 4 1 22 4 0 0 0 11 0 0 5 8 12 1 
1 0 0 0 3 2 2 2 1 2 16 4 32 5 5 18 0 0 0 4 3 7 0 13 0 3 0 6 3 5 1 1 14 2 0 0 0 8 0 1 5 4 22 1 
1 0 0 0 7 1 2 1 1 6 15 5 36 7 7 21 0 0 0 4 7 4 0 8 0 3 0 2 4 4 2 1 15 5 0 0 0 21 0 1 6 3 29 0 
0 0 1 1 6 2 0 0 1 3 20 3 37 14 15 23 1 0 2 6 7 5 0 12 0 2 0 2 5 5 4 1 11 4 0 1 0 43 0 1 4 1 27 1 
1 0 1 0 11 4 0 0 0 4 21 2 18 7 24 17 1 0 0 7 16 4 0 15 0 2 0 1 4 2 4 1 8 4 0 1 0 95 0 1 1 0 18 0 
0 0 0 0 8 2 0 1 1 4 9 0 4 11 3 8 2 0 0 4 24 2 1 14 0 3 0 3 1 3 3 1 3 0 0 1 1 72 0 1 0 0 9 1 
0 0 0 0 9 6 0 2 0 1 5 0 8 15 3 13 4 0 1 10 40 4 4 20 1 3 0 1 0 0 2 0 3 0 1 2 1 163 0 3 0 0 10 3 
0 0 1 2 4 6 0 2 1 0 5 0 1 11 2 12 7 1 2 10 36 4 3 8 0 1 0 0 0 0 0 0 3 0 0 1 1 104 0 2 0 0 8 2 
0 0 0 0 5 5 1 5 1 0 7 0 1 11 1 11 6 2 4 14 44 2 0 4 0 0 0 0 1 1 0 0 3 0 0 1 0 63 0 3 1 0 8 0 
1 0 0 1 3 4 2 5 2 0 7 0 0 12 0 9 10 4 7 21 62 2 0 3 0 2 0 1 1 4 1 0 5 0 0 1 0 30 0 0 2 0 6 1 
0 0 0 1 0 1 2 9 2 1 6 0 0 17 0 0 12 6 6 22 121 3 0 6 0 1 0 0 0 4 1 1 4 2 1 0 0 4 0 0 4 1 6 3 
0 0 0 0 0 0 2 3 0 1 8 0 2 12 2 0 10 8 3 50 179 3 0 4 0 2 0 0 1 5 1 0 2 0 0 0 0 1 0 0 7 3 9 2 
0 0 0 2 0 0 2 2 2 0 3 2 2 10 3 0 9 7 4 39 73 6 0 7 0 0 0 0 1 4 0 1 2 3 1 1 0 0 0 0 4 1 3 0 
0 0 0 2 0 4 2 1 1 0 4 2 5 11 7 0 0 12 6 89 30 12 2 17 0 1 0 0 0 6 2 1 1 2 2 0 1 0 0 0 2 4 3 0 
0 0 1 2 0 2 3 0 0 0 3 2 1 14 10 3 0 14 6 120 17 30 1 27 0 0 5 0 0 9 3 1 0 3 1 2 1 2 0 0 1 1 5 1 
0 0 1 1 0 4 2 0 1 0 0 3 0 9 9 6 0 8 4 113 6 48 2 25 0 0 10 0 1 6 0 2 0 1 0 6 0 1 0 0 0 1 5 1 
1 0 2 2 0 4 0 0 0 1 1 1 0 9 9 4 0 4 7 95 1 64 4 24 0 0 3 0 1 3 0 2 0 1 0 1 0 2 1 0 2 0 5 0 
1 0 3 0 4 5 0 1 0 1 2 1 0 8 3 8 0 6 6 57 0 118 4 31 0 0 0 0 4 3 1 2 0 1 1 1 0 0 4 0 4 2 7 2 
0 0 4 1 3 3 0 1 1 1 5 4 0 5 1 4 0 7 2 26 1 112 4 26 0 2 0 0 5 1 0 0 1 1 0 0 0 1 7 0 0 3 5 2 
0 0 0 3 2 3 0 0 2 1 3 6 0 9 0 8 0 10 0 25 0 156 3 36 0 3 0 0 3 2 0 0 0 0 0 1 0 2 2 0 0 3 4 0 
0 0 0 2 1 0 0 0 0 0 1 3 0 5 1 4 0 3 0 36 0 147 2 49 0 2 0 0 3 0 1 1 0 0 0 0 0 1 0 0 0 3 1 0 
0 0 1 2 1 0 2 0 1 0 3 3 0 3 3 6 0 3 0 16 0 151 3 66 0 2 0 0 2 2 1 0 0 0 0 4 0 1 0 1 0 3 3 0 
2 0 4 3 0 0 0 0 3 1 6 2 0 1 2 11 0 5 0 0 0 156 3 54 0 3 0 0 0 2 0 1 1 0 0 3 1 0 0 1 1 0 5 0 
1 1 3 1 5 1 0 0 0 2 7 2 0 4 8 10 0 5 0 0 0 116 2 45 0 0 0 0 2 2 0 1 3 0 2 2 0 1 0 1 2 0 5 0 
1 1 6 0 7 0 1 1 1 2 0 0 0 5 5 17 0 9 1 0 0 76 1 46 0 0 0 0 3 1 1 0 6 0 1 1 1 3 0 0 2 0 7 0 
0 2 7 2 11 0 2 1 0 0 0 0 0 5 8 23 1 8 0 0 0 41 2 49 0 2 2 0 4 1 3 1 5 0 1 1 1 3 0 0 1 0 4 0 
0 2 7 2 13 1 5 0 0 0 0 1 2 5 14 36 2 8 1 1 0 26 2 83 0 0 1 0 4 0 2 3 4 0 2 3 1 5 0 0 0 1 5 2 
0 3 7 2 6 2 3 3 0 0 3 3 1 5 13 39 2 8 2 0 3 16 1 68 0 1 0 0 2 0 2 0 1 0 0 0 0 4 0 0 1 0 5 2 
0 2 3 4 12 1 5 2 0 0 3 5 0 5 20 31 3 5 4 0 3 11 2 86 0 4 0 0 5 1 1 1 0 0 0 1 1 0 0 0 2 0 9 0 
0 1 2 3 9 0 5 1 2 1 6 5 0 1 11 42 3 4 0 0 2 5 1 78 0 8 0 1 6 1 0 4 0 0 0 0 1 0 0 0 1 1 3 0 
0 1 3 4 10 0 4 1 1 0 10 8 0 1 16 50 4 5 2 0 3 4 3 45 0 5 4 0 12 1 3 4 0 3 0 0 0 0 1 0 1 1 3 1 
0 0 5 4 13 1 5 0 1 2 14 3 0 3 30 40 5 4 1 1 3 1 2 24 0 0 2 1 14 0 5 3 0 3 0 1 0 0 0 3 0 2 2 1 
0 1 5 3 8 0 2 0 1 8 13 4 1 1 27 23 4 4 2 1 1 1 1 18 2 2 1 1 21 0 5 6 1 3 1 1 1 0 4 3 0 3 1 1 
0 3 3 2 10 0 6 0 2 11 9 5 4 1 11 14 5 12 3 3 2 0 0 18 3 2 4 0 27 0 5 9 3 2 0 0 0 0 11 3 1 3 1 1 
0 3 3 3 7 0 4 2 2 16 10 2 1 2 13 6 5 12 4 2 0 0 1 13 0 2 4 0 20 0 5 7 4 1 2 1 1 0 8 0 4 2 1 3 
0 4 5 6 4 2 3 0 3 7 8 4 2 2 18 8 9 10 5 1 0 0 1 8 0 1 4 1 13 0 2 7 1 1 0 0 1 0 9 0 0 7 2 2 
0 3 1 2 2 3 6 0 3 10 3 1 3 3 22 12 13 18 4 3 0 0 0 2 0 2 4 0 14 0 1 4 0 0 0 0 1 0 3 0 0 15 1 1 
0 8 0 2 3 5 10 0 6 21 3 0 4 4 28 8 21 31 6 3 0 0 0 2 0 5 1 0 38 0 0 8 0 0 0 0 0 0 2 0 0 38 1 1 
0 6 0 0 1 2 7 1 4 20 2 0 1 3 27 8 12 18 4 1 0 1 1 1 0 8 1 1 19 3 1 1 1 0 0 0 0 0 0 0 0 31 0 0 
0 3 2 0 0 5 4 0 4 14 1 0 0 1 25 6 13 21 2 2 0 0 1 1 2 8 1 1 11 3 1 3 0 0 0 1 0 0 0 0 0 34 1 1 
0 2 3 0 0 5 3 0 6 12 1 0 0 1 35 4 21 23 2 4 0 0 0 1 3 8 3 0 16 2 1 1 0 0 0 0 0 0 0 0 0 43 1 0 
0 1 1 0 1 5 2 0 5 10 1 0 1 1 33 2 19 17 1 3 1 0 0 0 1 6 1 1 8 3 1 6 0 1 0 1 1 3 0 0 0 34 2 0 
0 1 0 0 1 6 0 0 4 10 1 0 0 1 34 2 20 13 0 6 0 0 0 0 1 14 0 0 5 2 1 4 0 0 0 1 2 2 0 0 0 21 2 0 
0 1 0 0 3 4 0 0 1 9 0 0 0 2 50 1 28 6 0 3 0 0 0 0 0 33 0 0 3 4 1 7 0 0 0 0 3 2 0 0 0 20 1 0 
0 2 0 0 1 7 0 0 2 6 2 0 1 3 33 2 33 2 0 2 0 0 1 0 3 22 0 0 0 8 1 4 0 0 0 0 3 4 0 0 0 10 0 2 
0 1 0 0 0 7 0 0 4 7 3 0 1 5 40 2 62 0 0 2 0 0 0 0 4 24 0 0 0 13 0 3 0 0 0 0 4 2 0 0 0 15 0 2 
0 1 1 0 1 3 2 0 5 7 1 3 1 8 18 0 72 1 1 2 0 0 1 0 0 18 0 0 0 13 1 5 0 1 0 2 2 1 0 0 0 10 2 2 
2 2 1 0 3 2 3 1 4 3 2 2 1 12 6 0 52 2 0 2 0 0 2 0 0 18 0 0 4 7 2 6 2 0 1 7 4 0 0 0 0 5 4 2 
1 2 0 0 3 2 3 0 2 1 0 3 1 15 6 0 57 3 0 1 0 0 2 0 0 41 0 0 5 6 3 11 0 0 0 9 0 0 0 0 0 5 3 3 
1 1 1 1 5 0 3 0 1 2 1 2 3 14 2 0 40 6 1 1 0 1 1 1 0 42 0 0 0 7 3 13 0 0 1 4 0 1 0 0 1 10 2 5 
