100 100 100 100 100 100 100 100 100 100 100 100 100 100 100 100 100 100 100 100 
284 258 258 230 226 231 258 233 256 261 260 275 238 261 254 240 172 238 199 258 
312 284 278 190 240 263 233 214 263 241 252 251 242 227 258 207 148 229 157 249 
311 303 269 158 199 275 216 172 296 224 297 196 244 185 223 162 97 214 111 221 
268 292 174 153 178 311 196 124 273 184 304 163 218 174 132 113 82 194 68 130 
221 195 91 123 126 265 198 92 243 151 243 106 187 117 72 98 67 169 70 85 
153 163 49 97 94 260 192 83 155 109 161 87 159 116 58 70 69 119 81 61 
83 147 27 121 58 197 157 56 109 92 130 57 128 87 74 64 101 75 85 56 
43 107 27 126 40 139 111 40 87 65 120 47 149 65 109 50 135 54 55 30 
28 85 26 118 24 77 88 49 85 45 79 33 204 49 95 24 138 38 44 27 
40 71 27 117 25 47 72 57 68 27 61 53 231 42 80 25 112 35 37 27 
38 56 32 93 15 29 73 46 78 21 36 45 214 42 71 38 108 40 20 18 
33 50 40 67 15 23 62 44 77 21 41 41 144 43 66 58 93 45 14 22 
28 40 42 63 9 25 65 59 71 22 42 57 67 48 58 69 76 36 18 27 
35 36 53 58 13 28 55 70 68 27 23 60 27 51 53 60 59 43 11 11 
28 29 75 53 7 35 28 103 57 25 16 72 3 38 50 46 59 39 7 15 
33 40 100 10 8 37 20 156 40 24 12 47 9 27 47 31 60 33 6 17 
29 45 101 2 9 50 12 153 35 20 19 35 12 18 52 23 46 24 11 13 
22 34 102 0 2 55 10 130 43 27 19 36 8 16 52 26 32 22 7 11 
24 30 98 1 3 63 13 99 32 32 23 40 6 31 57 27 24 24 7 13 
22 21 85 1 5 77 15 50 20 39 36 41 0 42 56 17 17 26 9 10 
25 21 62 0 11 79 15 25 22 36 24 49 0 36 39 11 28 17 11 15 
21 16 51 9 9 113 5 23 22 32 33 57 0 25 27 16 23 10 8 13 
23 22 58 19 4 165 5 17 32 45 18 60 1 18 19 16 26 22 10 20 
16 20 39 35 4 193 12 8 28 34 4 48 4 26 6 7 15 26 10 24 
21 22 43 47 6 181 16 6 27 27 9 48 2 27 5 8 9 27 7 21 
23 20 33 62 9 115 18 12 11 18 5 40 2 22 14 1 12 24 6 29 
38 32 23 85 5 93 17 5 2 15 10 38 3 22 22 5 18 35 12 40 
50 38 15 88 0 52 20 1 5 16 6 26 5 33 28 8 19 39 9 36 
72 24 13 37 2 30 22 4 3 9 6 20 8 34 32 6 17 42 22 33 
105 24 10 35 2 15 19 8 4 11 10 9 4 25 24 9 14 48 37 34 
117 27 14 28 2 12 20 10 7 19 14 7 4 18 14 6 9 31 56 29 
103 31 11 16 2 11 20 14 8 25 23 3 7 20 12 7 13 11 64 34 
70 37 7 18 4 5 14 11 4 20 30 0 9 15 8 3 5 10 54 13 
39 52 10 22 4 10 18 21 7 27 28 3 6 12 7 4 11 11 45 13 
21 80 9 34 3 6 38 12 14 35 20 4 5 23 12 4 12 6 25 6 
15 87 11 28 6 7 46 6 8 44 13 4 2 39 12 8 9 9 13 7 
13 73 12 30 5 7 36 2 7 52 11 0 4 52 11 7 9 6 1 9 
8 53 5 34 7 3 36 4 7 66 13 3 7 54 13 7 8 8 1 14 
6 44 2 27 8 3 14 4 5 73 14 5 5 39 10 3 9 10 0 7 
4 55 0 19 19 4 24 3 5 114 21 4 3 24 25 7 15 8 0 9 
1 42 1 12 27 6 22 4 8 74 22 4 3 17 15 10 13 3 0 4 
3 40 1 10 59 6 27 9 6 63 24 3 0 13 24 10 12 2 0 10 
6 44 2 6 115 5 44 4 4 39 21 3 3 5 2 6 1 3 1 11 
3 34 0 7 122 0 42 4 9 35 23 4 4 10 5 4 0 3 3 4 
2 24 1 6 118 1 44 1 5 19 13 5 3 8 2 5 0 4 0 6 
4 13 4 14 148 2 49 4 14 14 12 2 2 13 7 2 1 1 0 14 
3 8 1 7 121 1 52 10 9 10 8 4 4 13 12 0 1 2 4 8 
3 8 5 1 125 0 53 9 14 10 10 1 0 15 19 1 0 4 4 16 
2 13 17 0 79 5 50 20 10 7 9 6 0 22 23 3 0 3 4 36 
8 11 26 7 40 3 38 25 8 8 24 5 0 20 20 4 0 4 5 62 
2 3 38 10 32 0 34 32 2 2 21 2 0 19 5 2 0 10 8 64 
0 6 50 6 34 0 40 32 4 3 34 0 0 22 6 1 1 12 2 93 
0 4 52 5 39 3 32 31 4 4 32 0 2 15 2 2 4 12 0 79 
0 4 41 6 35 4 27 30 1 3 30 0 3 18 7 4 0 4 0 55 
3 7 54 5 24 4 32 39 0 2 35 1 1 19 5 3 0 4 0 28 
6 6 50 8 11 4 46 37 0 2 51 3 0 23 4 0 1 3 0 14 
3 5 49 8 1 1 46 30 0 7 43 4 1 15 4 1 5 5 0 9 
2 3 36 5 4 1 54 44 0 7 28 1 3 11 6 2 4 3 0 10 
1 3 42 4 7 2 55 53 0 6 20 1 6 17 16 0 3 4 1 15 
1 3 40 4 2 4 48 50 2 4 12 3 13 16 20 1 5 1 3 10 
0 5 28 1 5 9 40 54 3 7 12 1 5 17 15 3 7 0 2 8 
2 9 26 2 11 6 29 62 5 8 8 0 3 22 25 3 14 0 3 6 
1 8 23 1 11 6 31 66 6 8 6 0 5 17 26 4 12 0 4 3 
2 8 22 7 11 7 34 59 2 10 6 1 2 23 18 0 18 1 1 1 
3 4 24 4 10 14 36 53 4 10 11 1 0 36 15 0 25 2 2 3 
5 1 21 6 13 6 35 16 3 12 13 1 0 41 12 1 27 4 1 6 
6 2 20 6 17 7 42 11 2 14 13 2 1 33 9 4 32 4 0 4 
3 1 13 9 14 8 44 10 2 14 16 1 1 45 10 4 13 6 3 6 
0 3 9 5 8 9 32 7 2 8 16 3 3 46 9 6 0 4 5 6 
0 2 5 5 8 14 38 7 5 6 26 3 2 36 3 17 1 4 11 5 
0 0 4 1 11 16 45 3 5 9 27 2 0 38 0 23 0 1 4 5 
0 1 5 0 9 12 44 6 10 8 35 5 0 37 0 33 2 1 4 2 
0 1 8 0 17 2 33 3 4 13 40 7 0 27 0 31 5 0 0 5 
0 2 8 2 23 6 22 2 6 11 37 12 0 25 0 25 9 2 0 4 
0 5 12 1 22 11 22 1 6 11 29 16 0 23 1 16 18 1 1 5 
0 5 5 0 10 9 20 2 8 11 25 26 0 16 2 20 30 0 6 8 
0 8 4 0 10 12 13 1 17 8 23 57 0 11 0 16 61 0 8 11 
1 3 0 1 4 15 14 7 14 3 14 43 1 5 0 2 67 0 7 7 
3 1 1 0 8 18 12 7 6 3 8 38 1 2 0 4 72 1 13 9 
3 1 1 1 5 20 10 4 15 1 4 34 0 1 3 1 66 0 18 1 
0 3 2 0 4 29 12 6 24 3 5 11 0 0 1 1 17 4 12 2 
0 4 3 1 6 44 26 3 61 0 3 19 0 1 0 2 27 1 13 5 
0 2 3 4 5 36 26 1 120 0 1 27 2 2 1 2 15 0 24 0 
1 2 2 4 6 8 11 2 147 1 1 21 1 2 0 4 12 2 16 0 
4 4 5 2 6 6 9 1 163 4 1 17 6 2 1 5 10 0 10 4 
3 0 9 2 5 6 4 1 113 3 2 15 2 6 0 4 3 0 11 1 
7 3 5 4 6 10 4 2 59 2 4 20 4 10 0 3 5 3 6 0 
10 2 5 0 12 15 8 0 38 3 2 24 3 11 0 1 1 2 5 1 
23 0 11 1 19 21 8 0 14 5 0 22 2 9 0 2 0 3 3 1 
22 1 9 1 26 27 12 0 0 5 0 26 4 15 1 0 0 8 3 2 
15 3 12 2 16 39 8 0 1 7 0 18 6 17 0 0 0 9 4 1 
11 0 11 0 14 42 10 0 2 6 1 22 16 26 1 0 0 5 4 3 
17 4 5 3 12 30 10 0 0 10 5 32 22 32 1 2 0 2 2 5 
13 5 4 2 5 25 10 1 1 11 0 30 19 17 0 6 1 2 1 6 
4 1 5 6 9 31 10 3 4 9 0 18 15 14 0 11 0 3 1 5 
7 2 7 3 12 28 9 2 1 8 0 14 12 11 0 11 2 3 3 3 
11 3 10 3 18 36 8 1 1 6 0 22 5 10 0 18 2 4 3 8 
7 3 7 5 8 29 7 1 2 0 0 15 4 0 2 17 2 4 2 3 
15 4 13 5 8 51 10 1 2 1 0 19 4 0 4 37 0 5 3 3 
11 3 9 3 6 49 13 2 1 2 0 3 4 1 7 30 0 7 2 5 
15 4 9 2 9 56 14 0 2 1 1 1 6 2 17 21 2 13 0 8 
5 5 6 1 1 68 19 2 7 2 5 2 5 2 11 13 1 18 0 1 
2 5 3 0 1 87 12 6 4 3 5 5 1 4 7 10 2 30 0 0 
3 4 2 1 1 77 13 7 1 7 4 13 2 2 10 9 1 39 0 0 
6 4 3 2 0 68 10 1 1 6 6 14 3 2 7 2 0 43 1 1 
2 5 1 0 0 42 8 1 1 4 2 15 5 1 4 1 1 42 4 1 
3 6 3 0 0 45 9 2 0 5 2 21 3 2 5 0 4 62 12 1 
8 2 6 3 0 36 5 0 1 11 3 12 6 6 3 0 2 46 12 3 
5 1 6 4 3 20 5 1 0 11 3 14 5 3 3 0 1 31 11 1 
5 4 9 3 2 23 7 4 0 15 3 11 8 9 3 0 1 48 26 1 
8 4 9 2 4 14 3 1 0 7 1 11 7 7 3 3 0 45 7 3 
5 3 16 3 4 2 7 0 1 7 1 14 11 12 1 1 0 52 10 1 
7 2 15 3 1 1 5 0 2 7 1 12 12 14 2 1 0 80 11 1 
4 3 3 4 0 2 5 0 2 6 1 8 10 5 3 3 0 45 14 3 
13 4 5 4 3 0 6 1 2 8 0 12 16 7 1 3 0 35 8 2 
11 4 7 11 1 0 4 0 0 1 0 13 21 10 0 4 0 39 3 3 
10 8 1 5 0 0 8 0 0 1 0 18 33 5 1 8 0 21 3 5 
5 3 2 6 0 0 13 0 0 1 1 21 45 4 3 8 0 7 7 6 
3 5 2 1 1 0 13 0 0 3 1 37 36 1 5 15 3 6 7 4 
1 3 2 4 4 0 17 0 1 1 1 45 30 1 7 21 3 8 3 4 
3 3 1 1 3 0 9 2 0 2 3 57 20 3 0 22 0 8 0 8 
2 4 1 3 1 1 11 5 1 2 3 65 23 2 1 7 0 3 0 7 
2 4 2 2 0 2 11 5 0 1 4 86 11 4 3 12 3 3 0 8 
4 5 2 0 4 0 7 5 0 1 4 88 14 4 0 6 7 3 0 10 
6 5 3 1 2 0 10 6 2 0 3 47 2 2 0 9 7 6 0 2 
11 7 5 2 1 2 14 9 3 0 4 31 3 2 1 7 8 5 0 1 
7 7 7 4 2 4 24 10 1 2 7 20 1 1 1 5 16 7 3 2 
7 9 4 4 1 0 20 3 2 2 4 17 0 1 2 9 26 2 2 1 
20 9 2 5 4 0 36 3 3 0 7 22 1 1 1 7 35 1 3 0 
13 6 1 9 1 3 39 3 4 1 6 13 0 1 1 11 23 2 4 0 
14 5 0 14 0 0 38 3 5 1 13 7 0 2 1 14 33 4 4 0 
11 3 0 16 0 0 23 2 3 0 26 8 0 3 1 12 31 4 3 0 
16 3 1 12 0 2 22 1 2 1 27 2 1 10 1 13 42 5 1 1 
11 1 1 8 0 1 22 3 1 0 33 3 0 8 1 11 75 2 3 1 
10 0 2 7 0 1 19 3 1 0 48 1 1 8 0 11 42 1 3 2 
9 0 4 6 0 1 21 9 2 1 60 2 1 12 0 15 31 2 2 4 
10 3 7 0 1 3 13 5 1 0 61 3 0 13 0 18 29 2 2 0 
6 3 8 2 1 2 8 10 1 0 60 0 0 12 0 9 41 1 1 0 
6 2 3 1 2 1 6 7 1 2 52 0 0 11 0 1 28 0 3 0 
6 4 3 0 1 4 6 9 1 1 41 0 0 16 0 1 33 0 5 0 
7 3 3 0 1 3 8 5 1 0 39 0 0 15 0 0 53 1 5 0 
0 3 5 0 1 1 9 6 0 0 42 0 0 17 0 0 57 0 2 0 
0 6 2 2 0 4 9 6 1 0 30 0 0 15 0 0 51 0 1 0 
0 3 4 3 1 2 8 12 0 0 21 0 0 17 0 0 58 0 0 0 
0 0 6 2 0 2 8 15 0 1 14 0 0 13 0 0 40 3 0 0 
2 1 2 4 0 1 9 23 0 1 10 0 1 10 0 0 30 4 0 0 
6 2 3 5 1 4 9 32 1 1 14 1 0 15 1 1 23 3 0 0 
12 2 4 5 2 2 5 22 2 0 9 2 0 18 1 2 12 3 0 0 
26 3 4 6 0 3 5 20 2 0 8 4 1 19 2 4 6 1 0 1 
37 2 2 9 0 6 8 22 6 0 5 4 1 13 1 4 3 2 1 1 
40 2 1 7 0 7 6 10 4 0 2 2 1 12 0 7 1 1 1 1 
55 11 2 8 0 9 5 15 1 0 3 0 3 10 0 3 2 4 1 0 
46 14 4 4 0 9 1 19 0 0 4 0 0 8 0 4 0 3 0 0 
33 6 6 2 0 10 2 18 0 0 4 0 2 5 0 6 1 1 1 0 
36 3 7 3 0 7 3 14 0 0 9 2 2 6 2 4 0 2 0 1 
30 4 4 3 0 8 7 10 0 1 12 2 1 7 1 2 0 2 0 0 
17 3 5 6 1 10 7 8 0 5 9 0 1 6 1 1 0 1 0 1 
13 3 7 6 2 8 12 5 1 4 11 0 2 12 4 3 1 0 0 1 
9 4 6 5 0 10 8 9 0 4 12 0 0 17 3 4 0 0 0 1 
9 8 3 9 0 7 15 6 2 2 14 0 1 16 5 4 1 0 2 6 
10 5 1 22 0 7 12 6 1 2 6 2 1 11 0 1 1 0 3 1 
5 3 2 18 0 4 15 7 0 2 5 3 1 17 2 4 0 1 1 2 
5 3 1 14 0 3 22 6 0 5 2 2 0 29 0 7 0 1 1 0 
4 5 2 9 1 1 21 3 0 8 2 3 0 35 2 9 1 4 0 1 
2 2 3 17 1 3 26 0 1 4 1 2 0 45 4 13 0 2 0 1 
1 4 1 20 0 2 13 0 1 2 1 1 1 24 0 5 0 1 0 3 
0 3 3 30 0 6 12 0 1 1 1 4 1 28 0 4 0 0 0 0 
0 1 7 34 1 8 13 1 0 0 0 5 2 23 0 5 3 0 0 0 
0 0 2 37 2 11 23 0 1 0 0 3 6 12 0 1 2 0 0 0 
1 1 2 31 1 17 19 0 1 1 0 0 1 8 0 1 0 4 1 0 
0 4 3 57 1 18 11 0 1 4 1 0 1 9 0 1 0 5 0 0 
0 2 3 62 0 13 2 0 1 2 1 0 2 9 0 1 0 3 0 0 
1 0 6 57 1 10 1 0 1 1 2 0 1 5 0 0 2 6 0 1 
1 0 14 45 0 9 1 0 2 3 2 0 2 4 0 2 0 3 0 1 
0 0 18 44 1 9 1 1 1 1 1 1 2 2 0 3 1 3 0 1 
2 1 31 34 1 10 4 1 3 3 1 0 3 0 0 1 1 4 0 1 
2 1 34 36 1 7 3 0 3 2 0 0 2 1 0 0 0 5 1 1 
2 1 23 15 1 4 4 1 3 2 0 2 1 1 0 0 0 8 1 1 
1 0 17 9 0 6 4 0 5 4 0 2 3 0 0 0 0 15 1 2 
2 0 21 6 0 10 3 0 10 3 0 1 2 0 0 0 0 10 2 7 
4 0 24 4 0 14 2 0 7 2 0 0 1 0 0 0 0 12 0 21 
9 0 23 2 0 12 5 1 6 1 1 0 3 2 0 0 0 11 0 38 
7 1 8 0 1 18 4 0 1 2 0 1 3 3 0 0 1 8 0 62 
5 3 3 0 1 14 5 1 1 0 0 2 3 1 0 2 1 6 2 78 
4 2 2 0 0 16 4 2 1 0 0 1 2 0 0 5 1 8 1 108 
0 4 0 0 1 20 1 2 2 0 0 0 1 0 0 4 1 6 1 73 
0 4 0 2 1 30 3 3 3 0 0 0 2 1 0 1 1 11 1 66 
0 2 0 1 3 22 1 2 2 0 1 0 0 1 1 3 1 8 1 37 
0 3 1 0 4 28 0 3 1 0 1 0 0 1 3 0 0 5 1 25 
0 4 0 0 3 35 0 8 0 0 2 0 0 2 1 0 0 14 0 33 
0 6 2 0 3 42 0 7 0 0 1 1 0 3 1 0 0 30 1 26 
0 6 1 2 0 24 2 6 2 0 2 0 0 4 2 0 0 45 2 13 
2 3 0 0 0 18 2 3 1 1 2 0 0 0 0 0 0 83 3 11 
1 4 0 1 0 16 3 3 2 1 1 0 0 0 0 0 0 96 3 4 
2 2 0 0 0 9 3 4 0 4 1 1 1 1 0 3 1 94 2 2 
0 1 0 0 1 3 6 4 0 2 0 3 0 2 0 2 0 59 1 2 
0 6 0 0 1 6 7 6 0 2 1 3 0 2 0 4 0 50 3 3 
0 13 1 0 0 3 8 5 1 2 1 7 0 1 0 7 0 30 6 3 
1 17 4 0 1 3 7 6 2 4 1 4 0 1 0 9 0 24 1 6 
0 25 3 0 1 8 6 4 1 4 1 1 0 1 0 7 1 20 0 4 
2 36 2 0 1 11 12 5 1 2 1 0 2 2 0 5 2 12 1 4 
0 33 1 0 1 8 17 1 2 2 3 0 1 0 0 8 1 5 1 2 
0 34 2 0 1 5 15 1 1 0 0 0 0 0 0 8 0 4 0 1 
0 45 3 0 0 5 23 1 2 0 0 0 0 0 0 9 0 1 0 1 
0 33 0 0 0 3 22 0 6 0 1 1 0 0 1 5 1 1 0 1 
0 23 0 0 0 5 19 0 4 0 0 0 0 0 1 5 3 0 0 1 
0 30 0 0 0 7 23 0 2 0 0 0 0 0 3 5 1 0 0 2 
0 32 0 0 0 7 19 0 4 0 0 0 0 0 6 2 0 0 0 3 
0 47 0 0 0 2 22 0 2 0 0 0 0 0 5 1 0 0 0 3 
4 43 0 0 3 3 10 2 0 1 0 0 0 1 4 0 1 2 2 9 
3 45 0 0 2 2 5 2 0 1 2 0 0 0 2 1 3 2 6 9 
0 54 1 0 0 2 8 2 0 1 2 1 0 1 0 1 3 3 3 4 
2 49 1 0 0 1 5 2 2 0 1 2 1 2 0 0 5 2 1 1 
2 25 1 0 0 1 10 4 0 0 0 1 2 4 0 0 2 1 1 1 
1 31 2 0 0 0 11 10 0 0 0 1 3 9 0 0 3 1 1 0 
0 24 2 0 0 0 9 12 0 0 0 2 2 8 0 0 6 1 1 0 
0 17 3 0 0 0 14 12 0 0 0 0 4 2 0 0 6 2 1 0 
0 25 7 0 0 0 12 22 0 0 0 0 6 2 0 0 6 2 0 0 
2 18 8 0 0 0 9 18 3 0 0 0 10 2 1 0 2 4 0 1 
1 26 13 0 0 0 7 15 2 0 0 0 13 1 0 0 0 4 0 1 
0 28 16 0 0 0 3 14 4 0 0 0 10 1 0 0 0 4 1 2 
0 31 10 0 0 0 2 11 3 0 0 0 14 1 2 0 0 0 1 3 
0 38 12 0 0 0 0 1 4 0 0 0 21 0 2 0 0 0 0 7 
0 20 11 1 0 2 2 4 3 0 3 0 19 1 0 1 0 0 1 3 
0 36 17 1 0 1 4 6 4 0 0 0 28 1 0 0 0 0 2 4 
0 37 8 1 1 0 1 4 6 0 0 1 16 0 0 0 0 0 1 2 
0 36 6 1 0 0 0 3 8 0 0 1 11 0 0 0 0 0 0 0 
0 35 9 0 0 0 0 2 12 0 0 1 13 0 0 0 0 0 0 0 
0 35 10 0 0 0 0 2 15 0 0 0 40 0 0 0 0 0 0 0 
0 8 5 1 0 0 0 2 9 1 0 1 73 2 1 0 1 1 0 1 
0 2 3 2 4 1 1 2 10 0 0 2 109 1 0 1 1 0 0 1 
0 0 1 0 3 0 2 0 2 1 0 0 96 0 1 1 4 3 0 2 
0 0 2 0 4 0 4 0 1 2 0 0 73 1 2 1 0 5 0 3 
0 0 0 0 2 1 6 1 2 2 0 1 40 0 2 0 1 1 0 0 
0 0 0 0 5 1 9 0 3 4 0 1 56 0 2 0 0 0 0 0 
2 0 0 0 6 1 9 0 3 5 0 3 38 0 0 1 2 0 2 0 
3 0 0 0 7 0 19 0 6 3 0 1 16 0 0 3 2 0 1 0 
3 0 0 0 9 0 25 0 4 6 0 0 17 0 0 3 3 0 0 0 
2 0 0 0 7 0 28 0 8 8 0 0 27 0 0 3 1 0 0 0 
4 0 1 1 9 0 13 0 4 6 1 1 22 0 2 4 3 0 0 0 
5 0 2 0 7 0 14 0 4 8 0 0 26 0 2 7 5 0 0 0 
4 0 2 0 3 0 17 0 0 11 0 0 21 0 1 6 2 1 1 0 
0 0 3 0 2 0 13 0 0 25 0 0 37 0 3 3 2 2 1 0 
0 1 2 0 3 1 6 0 3 35 2 0 45 1 6 0 4 0 2 1 
0 2 1 0 4 1 1 0 6 20 0 0 26 1 1 0 4 1 2 2 
0 0 0 0 5 2 1 0 3 22 0 0 26 0 0 0 3 0 3 3 
0 0 0 0 8 1 0 0 2 25 0 0 23 0 0 0 4 0 0 2 
0 0 0 0 6 0 0 0 2 34 0 0 17 0 0 0 4 0 0 1 
0 0 0 0 8 0 0 0 4 60 0 0 14 0 0 0 5 0 0 0 
1 0 2 0 11 2 2 0 3 46 2 0 6 1 0 2 6 3 1 0 
1 0 1 0 11 3 2 0 2 36 2 0 2 2 1 1 11 2 1 0 
0 0 1 0 14 4 2 0 0 32 0 0 0 1 1 0 9 1 1 0 
0 0 2 0 19 4 3 0 0 59 0 0 0 1 1 0 6 0 0 0 
0 0 1 0 19 3 3 0 1 59 1 0 0 2 2 1 5 1 1 1 
0 0 0 0 32 2 4 1 1 55 2 0 1 4 0 0 7 1 2 2 
1 0 1 0 42 3 0 0 2 20 1 0 0 4 1 0 2 2 1 0 
2 0 0 0 55 1 1 0 2 16 1 1 1 7 1 0 2 0 1 0 
3 0 0 0 64 1 0 0 1 11 1 0 2 9 1 1 2 0 0 0 
4 1 1 0 53 0 0 0 0 3 1 1 2 8 3 2 1 0 0 2 
5 0 0 0 53 0 0 1 0 1 1 1 2 9 3 2 0 0 0 0 
3 0 0 0 42 0 0 1 0 1 0 0 2 10 3 1 0 0 0 0 
6 0 0 0 61 0 0 0 0 0 0 0 4 9 3 1 0 0 0 0 
3 0 0 0 35 1 0 0 0 1 0 0 4 6 5 0 3 0 0 0 
6 0 0 0 43 0 0 0 0 1 0 0 5 6 12 0 2 0 0 0 
3 0 0 0 42 0 0 0 0 0 0 0 3 12 8 0 0 0 0 0 
0 0 0 0 45 0 0 0 0 0 0 0 4 15 2 0 0 0 0 0 
0 0 0 0 52 0 0 0 0 0 0 0 1 17 2 0 0 0 0 0 
0 0 0 0 40 0 0 0 0 0 0 0 0 20 3 0 0 0 0 0 
0 0 0 0 40 0 0 0 0 0 0 0 0 19 3 0 0 0 0 0 
0 0 0 0 28 0 0 0 0 0 0 0 0 23 5 0 0 0 0 0 
0 0 0 0 24 0 0 0 0 0 0 0 0 18 2 0 0 0 0 0 
0 0 0 0 19 0 0 0 0 0 0 0 0 27 3 0 0 0 0 0 
0 0 0 0 8 0 0 0 0 0 0 0 0 35 4 0 0 0 0 0 
0 0 0 0 6 0 0 0 0 0 0 0 0 38 6 0 0 0 0 0 
0 0 0 0 5 0 0 0 0 0 0 0 0 40 7 0 0 0 0 0 
0 0 0 0 4 0 0 0 0 0 0 0 0 31 4 0 0 0 0 0 
0 0 0 0 3 0 0 0 0 0 0 0 0 35 4 0 0 0 0 0 
0 0 0 0 1 0 0 0 0 0 0 0 0 31 7 0 0 0 0 0 
0 0 0 0 1 0 0 0 0 0 0 0 0 34 3 0 0 0 0 0 
0 0 0 0 2 0 0 0 0 0 0 0 0 22 3 0 0 0 0 0 
0 0 0 0 1 0 0 0 0 0 0 0 0 29 4 0 0 0 0 0 
0 0 0 0 2 0 0 0 0 0 0 0 0 32 4 0 0 0 0 0 
0 0 0 0 2 0 0 0 0 0 0 0 0 23 0 0 0 0 0 0 
0 0 0 0 3 0 0 0 0 0 0 0 0 21 0 0 0 0 0 0 
0 0 0 0 1 0 0 0 0 0 0 0 0 19 0 0 0 0 0 0 
0 0 0 0 0 0 0 0 0 0 0 0 0 22 0 0 0 0 0 0 
0 0 0 0 0 0 0 0 0 0 0 0 0 12 0 0 0 0 0 0 
